...603....

&cubit 6611 6011110011 61116 60 01161110, 611 601 mie&
61116101 6116 11111 011001· 166016 116 .,0111>11’111 608 116, 6616
1616111116 11111, 1611 116 11111 1111111 0110 11611 91111 1110111, bea
111111 id) 611,1”6 61111016 0116111, 1111 6111611. §Darqff 116 1111
01106 ·,011116611 11111 mosen 1111, 1111 01106 16161, 1606 11111
111611 16616111 06011161 wit, 606 11111111 111011 »fi 61111
ῢ11101111 66111111 1611111, 16611111 111ηῶ006111 »fi 611 661111
, 01010010111160111 6116 16611 ”fi 611 61161111 ωο1001011116οἣ1,

611111 116 11616 1161111011 1116, 6166016 611· 1016 6110ῐί16 116111 ,²⁶-
memmi-tt 6111 ξῡί01618, 60111111 116 611 61110 1111 6111,
6111, 1111116 0669161611110116111, so 161116 116 6111 0110
0116111, 6116 1001, 606 fovit [111 6011166 110111, 606 11· 16101
. 116 1116161 1111 6116110 11111610, 6116 1111 01106 611161 0111, 606
ἰῷ 6161 6611 6111 116111ᾧί111, 611 11111· 6116110 66111010, 1601111
et 111116 611 6111116 0111110οὁ 110161 so 611 1616061016111111, fiat
610116 1111 6116116116οω 1116161Ξ1ῆ 1611168 6111 116 sm gnos
6111 0161111061 01161110, 6116 606 6111111101, 61111 1611 11 606611
011161. 606, foe 0116, 6116 0011 91616110 mm. 50⁶ 116
0611 606111 16111, 11116 116 Qua> 1161111011 60, 161611· 6611 ffitis
· 1016, 661111· 11616 61161111 Φῖο1001ᾶ1111611, 6116 111 11616 6116111
‚ 1161111011 60, 161116600ίὸ 116. 0111 9111161060εο 10111, etta

1116 1111 6111161111, 0111111, 1016 6116 11111111 ft> 1611111 61111016 aies
6111, 11116 0611 1111 16111111. 911111 611 0101111111 01111100 061116

· 60111 6111 wat-bis 6611 1Σο1111160110611. 9111161111 im ἶ

16116,61116161 11111 {wlff 61116111, 1011161 1111111611 16111111

16111 6611 911166110,.1>61·11106111 6116 01161111, 6116
116101 0611 6016 11111,1001,1·1 16611 01111 66116111 0611 {mitta
6111111 , 6116 6011 111116, 66 61116111 611111 11111111, 611
§ff 1111 011 111 1111116111,1”6 solt 1166, 1011161 1111111611. ,mimis
16111 6611 9111611110 6116 3610111 31101111 6116101610
6116 111111, 11161611 601111 6111 606111 60111111 6111 1116111 1111,

² 51¹²st ¹⁰¹¹*ss 11061 6166111 1011·111,1611 0611 600 1111, 1611111 1611

11111 0611 ‘mss-ibose« 11610111. §bns 111 6111616111,.1601111
1111, 61111 10111 6611 1111111ὶ 6111111 ΘταΠ·1>-11111116111·,.1011σ
60111116, 6111 61101616 1611 011111101106111 11111 61111 suff 0611
mettansva&·1iel>en> 611 11111116οῴ 1111, 6116, 6010111111 βε

 

